0.0 0.0001203224642040669
0.0002398369109005876 0.04716640596799423
0.0004796738218011752 0.07231380098664421
0.0007195107327017628 0.1291060040909638
0.0008394291881520566 0.1712188665623872
0.0010792660990526443 0.17940079412826376
0.001319103009953232 0.1898688485140176
0.0015589399208538195 0.2023823847912405
0.001798776831754407 0.21309108410540248
0.002038613742654995 0.2271688124172783
0.002278450653555582 0.23053784141499215
0.00251828756445617 0.24076525087233785
0.0027581244753567572 0.2541210443989893
0.002997961386257345 0.25652749368307065
0.0032377982971579324 0.27337263867164
0.0034776352080585203 0.2814342437733125
0.0037174721189591076 0.2836000481289857
0.003957309029859696 0.29900132354710623
0.004197145940760282 0.3144025989652268
0.00443698285166087 0.3260738779930213
0.004676819762561458 0.3320900012032246
0.004916656673462046 0.3358199975935507
0.0051564935843626345 0.3402719287691012
0.0053963304952632215 0.3424377331247744
0.0056361674061638075 0.34520514980146794
0.005876004317064396 0.35663578390085426
0.006115841227964984 0.3660209361087715
0.006355678138865572 0.3689086752496691
0.00659551504976616 0.3732402839610155
0.006835351960666747 0.3778125376007701
0.007075188871567334 0.3982673565154614
0.007315025782467922 0.4016363855131753
0.007554862693368509 0.4056070268319095
0.007794699604269097 0.4116231500421129
0.008034536515169685 0.4164360486102756
0.008274373426070273 0.4234147515341114
0.008514210336970859 0.42919022981590665
0.008754047247871448 0.4354469979545181
0.008993884158772034 0.4380940921670076
0.009233721069672622 0.4438695704488028
0.00947355798057321 0.44916375887378174
0.009713394891473798 0.4519311755504753
0.009953231802374386 0.4534953675851282
0.010193068713274972 0.4581879436890868
0.01043290562417556 0.4634821321140657
0.010672742535076149 0.465888581398147
0.010912579445976735 0.469498255324269
0.011152416356877323 0.4707014799663097
0.011392253267777909 0.4751534111418602
0.0116320901786785 0.47840211767537
0.011871927089579086 0.4799663097100229
0.012111764000479674 0.4835759836361449
0.012351600911380262 0.4861027553844303
0.01259143782228085 0.4936830706292865
0.012831274733181436 0.4959691974491637
0.013071111644082024 0.4988569365900614
0.013310948554982613 0.4998195163036939
0.013670703921333491 0.5017446757309589
0.01391054083223408 0.5035495126940199
0.014150377743134669 0.5041511250150403
0.014390214654035257 0.5060762844423053
0.014630051564935844 0.5066778967633258
0.01486988847583643 0.5088437011189989
0.015229643842187312 0.5149801467934063
0.015589399208538194 0.518108530862712
0.01606907303033937 0.5274936830706293
0.016308909941239957 0.5294188424978944
0.016548746852140545 0.530501744675731
0.01678858376304113 0.5330285164240164
0.017028420673941717 0.5367585128143424
0.01726825758484231 0.5386836722416075
0.017508094495742896 0.5392852845626278
0.01774793140664348 0.5410901215256888
0.01798776831754407 0.5434965708097702
0.018227605228444656 0.5451810853086271
0.018467442139345244 0.5474672121285044
0.018707279050245832 0.5501143063409939
0.01894711596114642 0.5507159186620142
0.019186952872047008 0.5551678498375646
0.0194267897829476 0.5568523643364216
0.019666626693848183 0.5621465527614006
0.019906463604748768 0.5643123571170737
0.02014630051564936 0.5662375165443388
0.020386137426549947 0.5691252556852364
0.02062597433745053 0.570087835398869
0.02086581124835112 0.5724942846829503
0.02110564815925171 0.5739381542533991
0.021345485070152298 0.5793526651425821
0.021585321981052882 0.5815184694982554
0.02182515889195347 0.5846468535675611
0.022064995802854058 0.5871736253158465
0.022304832713754646 0.5894597521357238
0.022544669624655237 0.5929491035976416
0.022904424991006117 0.5965587775237637
0.023264180357357 0.5989652268078449
0.023504017268257585 0.6001684514498857
0.023743854179158173 0.60089038623511
0.02398369109005876 0.6026952231981711
0.02422352800095935 0.6058236072674769
0.024463364911859936 0.6101552159788233
0.024823120278210816 0.6108771507640477
0.025062957189111404 0.6120803754060883
0.02530279410001199 0.6150884370111899
0.02554263101091258 0.6164119841174347
0.025782467921813167 0.6195403681867405
0.026022304832713755 0.6201419805077608
0.026262141743614343 0.620382625436169
0.02650197865451493 0.6213452051498015
0.02686173402086581 0.624112621826495
0.0271015709317664 0.6271206834315967
0.027341407842666983 0.6286848754662495
0.02758124475356757 0.6306100348935146
0.02782108166446816 0.6319335819997594
0.02818083703081904 0.6340993863554325
0.028540592397169925 0.6347009986764529
0.02878042930807052 0.6355432559258813
0.0290202662189711 0.6381903501383709
0.02938002158532198 0.6397545421730237
0.029859695407123164 0.6404764769582479
0.030099532318023745 0.642040668992901
0.030339369228924325 0.6434845385633498
0.03057920613982492 0.6450487305980026
0.030819043050725508 0.6472145349536759
0.031058879961626092 0.6497413067019613
0.03129871687252668 0.6514258212008182
0.03153855378342727 0.6517867885934304
0.03189830914977815 0.6544338828059199
0.03213814606067874 0.6559980748405727
0.032377982971579324 0.6569606545542053
0.03261781988247992 0.658163879196246
0.0328576567933805 0.6606906509445314
0.03309749370428109 0.6612922632655517
0.033337330615181675 0.6622548429791842
0.03357716752608226 0.6651425821200818
0.033936922892433136 0.6658645169053062
0.034176759803333734 0.6664661292263265
0.03441659671423432 0.6677896763325712
0.03465643362513491 0.6694741908314282
0.03513610744693608 0.6705570930092648
0.03537594435783667 0.6707977379376729
0.03561578126873726 0.6710383828660811
0.03597553663508814 0.6722416075081218
0.03621537354598873 0.6726025749007339
0.03645521045688931 0.6734448321501625
0.03705480273414079 0.6782577307183251
0.03729463964504137 0.6797016002887739
0.03753447655594196 0.681626759716039
0.03777431346684255 0.6834315966790999
0.03813406883319343 0.685236433642161
0.038373905744094015 0.6877632053904464
0.0387336611104449 0.6880038503188546
0.03897349802134548 0.6888461075682829
0.03933325338769637 0.6892070749608952
0.039932845664947834 0.6905306220671399
0.0405324379421993 0.6928167488870172
0.04077227485309989 0.6935386836722416
0.04137186713035136 0.6953435206353026
0.041611704041251946 0.6969077126699554
0.04185154095215254 0.6971483575983636
0.04221129631850342 0.6982312597762003
0.0425710516848543 0.6990735170256287
0.04281088859575489 0.6995548068824449
0.043050725506655466 0.6999157742750571
0.043290562417556064 0.7037660931295873
0.04353039932845665 0.7062928648778727
0.04377023623935724 0.7071351221273011
0.044010073150257824 0.708458669233546
0.04424991006115842 0.7090602815545662
0.044609665427509285 0.7094212489471784
0.04520925770476076 0.7109854409818314
0.04544909461566135 0.7120683431596679
0.045928768437462526 0.7123089880880761
0.04616860534836311 0.7127902779448924
0.046528360714714 0.7133918902659127
0.04676819762561458 0.7151967272289736
0.04712795299196546 0.7163999518710144
0.047487708358316345 0.7167609192636265
0.04772754526921693 0.7182047888340753
0.04796738218011752 0.7184454337624835
0.0484470560019187 0.7197689808687282
0.04868689291281928 0.7213331729033811
0.049046648279170164 0.7220551076886055
0.04952632210097134 0.7232583323306462
0.04976615901187192 0.7242209120442786
0.050005995922772516 0.724822524365299
0.0503657512891234 0.7255444591505235
0.05072550665547428 0.7260257490073396
0.05108526202182516 0.7263867163999519
0.051445017388176036 0.7271086511851763
0.05192469120997722 0.7275899410419926
0.0521645281208778 0.728552520755625
0.0524043650317784 0.7292744555408495
0.05264420194267898 0.7295151004692576
0.05312387576448016 0.730237035254482
0.05348363113083104 0.7311996149681146
0.05372346804173162 0.732041872217543
0.054083223408082505 0.7330044519311756
0.05444297877443339 0.7336060642521959
0.054922652596234564 0.7350499338226447
0.05516248950713515 0.7367344483215016
0.05540232641803573 0.7369750932499097
0.05564216332893632 0.7372157381783179
0.056001918695287214 0.7376970280351342
0.056241755606187785 0.7381783178919504
0.056601510972538675 0.7385392852845626
0.05684134788343926 0.7389002526771749
0.057201103249790136 0.7393815425339911
0.05744094016069073 0.7399831548550114
0.057680777071591326 0.740945734568644
0.0580405324379422 0.7419083142822765
0.05852020625974338 0.7421489592106847
0.05876004317064396 0.7423896041390927
0.05899988008154455 0.7431115389243171
0.05923971699244514 0.7445554084947661
0.05947955390334572 0.7457586331368067
0.0599592277251469 0.746360245457827
0.060678738457848665 0.7468415353146433
0.06091857536874925 0.7470821802430514
0.061278330735100126 0.7479244374924798
0.061758004556901315 0.7482854048850921
0.061997841467801885 0.7492479845987245
0.062357596834152776 0.7496089519913368
0.06259743374505336 0.7499699193839491
0.06283727065595393 0.7503308867765612
0.06307710756685454 0.7520154012754181
0.06331694447775513 0.7523763686680304
0.06355678138865571 0.7543015280952954
0.0637966182995563 0.7547828179521117
0.06415637366590718 0.7558657201299482
0.06451612903225806 0.7563470099867645
0.06475596594315865 0.7576705570930092
0.06511572130950953 0.7587534592708459
0.06535555822041011 0.7594753940560702
0.0658352320422113 0.7607989411623151
0.06607506895311188 0.7614005534833354
0.06643482431946278 0.7616411984117435
0.06703441659671422 0.7621224882685598
0.06727425350761483 0.7627241005895801
0.06751409041851543 0.7633257129106004
0.067753927329416 0.7640476476958248
0.06811368269576687 0.7642882926242329
0.06871327497301835 0.7654915172662736
0.06907303033936922 0.7659728071230899
0.06931286725026982 0.7665744194441102
0.0695527041611704 0.7676573216219468
0.06979254107207099 0.7681386114787631
0.07039213334932247 0.7694621585850078
0.07087180717112364 0.7697028035134159
0.07111164408202422 0.7709060281554566
0.0714713994483751 0.7713873180122729
0.07171123635927569 0.7722295752617013
0.07207099172562657 0.7728311875827217
0.07255066554742774 0.7731921549753339
0.07279050245832834 0.7741547346889665
0.07327017628012951 0.7747563470099867
0.07386976855738098 0.7760798941162315
0.07422952392373186 0.7765611839730477
0.07470919774553304 0.7768018289014559
0.0754287084782348 0.7771627962940681
0.0756685453891354 0.7780050535434966
0.07638805612183715 0.7784863434003129
0.07686772994363833 0.778847310792925
0.0773474037654395 0.7793286006497413
0.07758724067634007 0.7799302129707616
0.07782707758724068 0.780531825291782
0.07818683295359156 0.7816147274696186
0.07866650677539272 0.782336662254843
0.0792660990526442 0.7825773071832511
0.07962585441899507 0.7829382745758633
0.07998560978534598 0.7837805318252918
0.08046528360714714 0.7843821441463121
0.08070512051804772 0.7847431115389243
0.08094495742894832 0.785826013716761
0.0811847943398489 0.7861869811093731
0.08142463125074949 0.7865479485019853
0.08166446816165007 0.7871495608230057
0.08190430507255067 0.7882324630008423
0.08214414198345125 0.7889543977860667
0.08250389734980214 0.7902779448923114
0.08274373426070272 0.7911202021417398
0.08298357117160331 0.791360847070148
0.08322340808250389 0.7917218144627602
0.08370308190430507 0.7919624593911684
0.08394291881520566 0.7922031043195764
0.08418275572610624 0.7926843941763927
0.08442259263700684 0.793045361569005
0.0851421033697086 0.7935266514258212
0.08622136946876124 0.7944892311394537
0.08646120637966183 0.7948501985320658
0.08670104329056241 0.7954518108530862
0.08694088020146301 0.7962940681025147
0.0871807171123636 0.7971363253519432
0.08754047247871448 0.7979785826013717
0.08790022784506536 0.7982192275297798
0.08825998321141623 0.7988208398508001
0.08849982012231683 0.7991818072434124
0.08873965703321741 0.7995427746360245
0.08969900467681978 0.8000240644928408
0.08993884158772035 0.8005053543496571
0.09017867849862092 0.8013476115990855
0.09041851540952152 0.8015882565274937
0.09065835232042213 0.8020695463843099
0.0908981892313227 0.8025508362411262
0.09137786305312387 0.8031524485621465
0.09209737378582564 0.8035134159547588
0.09245712915217652 0.8053182529178198
0.09293680297397768 0.8060401877030442
0.09377623216212977 0.8072434123450848
0.09413598752848064 0.8077247022019011
0.09449574289483152 0.8083263145229215
0.09521525362753328 0.8094092167007579
0.09569492744933446 0.8097701840933702
0.09593476436023504 0.8100108290217783
0.0966542750929368 0.8103717964143906
0.09713394891473798 0.8106124413427988
0.09773354119198943 0.8110937311996149
0.09797337810289004 0.8113343761280231
0.09833313346924093 0.8119359884490435
0.0986928888355918 0.8121766333774516
0.09905264420194268 0.8124172783058597
0.09941239956829356 0.8133798580194922
0.09989207339009472 0.8139814703405126
0.10013191030099533 0.8144627601973289
0.1006115841227965 0.8157863073035736
0.10097133948914737 0.8167488870172062
0.10121117640004797 0.8169895319456143
0.10169085022184916 0.8173504993382265
0.10193068713274972 0.8180724341234509
0.1027701163209018 0.8184334015160629
0.10324979014270297 0.8190350138370834
0.10360954550905384 0.8195163036938996
0.10384938241995444 0.8199975935507159
0.10408921933085502 0.8208398508001444
0.1043290562417556 0.8214414631211647
0.1045688931526562 0.8216821080495729
0.10516848542990766 0.8222837203705932
0.10540832234080827 0.8230056551558176
0.10564815925170884 0.8233666225484297
0.10588799616260942 0.8236072674768379
0.10672742535076148 0.8239682348694501
0.10708718071711236 0.8249308145830827
0.10792660990526444 0.8251714595114908
0.108166446816165 0.8254121044398989
0.1084062837270656 0.8258933942967152
0.10864612063796618 0.8262543616893274
0.10900587600431706 0.8266153290819396
0.10972538673701884 0.8269762964745518
0.11020506055882001 0.8274575863313679
0.11068473438062118 0.8281795211165924
0.11116440820242236 0.8285404885092047
0.11176400047967383 0.8287811334376128
0.1121237558460247 0.8292624232944291
0.11272334812327615 0.8295030682228373
0.11296318503417675 0.8309469377932859
0.11356277731142825 0.8315485501143064
0.1139225326777791 0.8319095175069185
0.1141623695886797 0.8321501624353267
0.11488188032138145 0.8329924196847551
0.11536155414318265 0.8334737095415714
0.1158412279649838 0.8339549993983877
0.116320901786785 0.8341956443267958
0.11728024943038735 0.8344362892552041
0.1178798417076388 0.8356395138972447
0.11835951552943998 0.8360004812898568
0.11859935244034055 0.836241126218265
0.11979853699484352 0.8364817711466731
0.1200383739057441 0.8370833834676934
0.12027821081664468 0.8374443508603057
0.12087780309389615 0.8381662856455301
0.1214773953711476 0.8387678979665504
0.1218371507374985 0.8391288653591625
0.12219690610384938 0.8396101552159788
0.12267657992565055 0.8398508001443871
0.1236359275692529 0.8403320900012032
0.12411560139105407 0.8405727349296114
0.12447535675740495 0.8410540247864277
0.12507494903465646 0.8414149921790398
0.12603429667825874 0.8417759595716521
0.12627413358915934 0.8430995066778968
0.1272334812327617 0.8433401516063049
0.1277131550545629 0.8437011189989171
0.1280729104209138 0.8440620863915294
0.12831274733181436 0.8443027313199374
0.12867250269816524 0.8446636987125496
0.1291521765199664 0.8453856334977741
0.1296318503417676 0.8456262784261822
0.1299916057081185 0.8462278907472025
0.13035136107446935 0.8469498255324269
0.1310708718071711 0.8475514378534472
0.1319103009953232 0.8477920827818554
0.13238997481712436 0.8480327277102635
0.13286964863892553 0.8482733726386716
0.13310948554982613 0.8491156298881001
0.13346924091617698 0.8500782096017326
0.13370907782707758 0.8503188545301408
0.13490826238158052 0.8508001443869571
0.13514809929248112 0.8510407893153652
0.13562777311428229 0.8518830465647936
0.13634728384698405 0.8524846588858139
0.13682695766878522 0.8530862712068343
0.1373066314905864 0.8535675610636506
0.13838589758963904 0.8540488509204669
0.13874565295598992 0.854409818313079
0.1391054083223408 0.8551317530983035
0.13982491905504255 0.8557333654193238
0.14054442978774434 0.8559740103477319
0.1412639405204461 0.8563349777403442
0.14210336970859816 0.8566959451329563
0.14258304353039933 0.8569365900613645
0.14282288044129993 0.8575382023823848
0.1431826358076508 0.8577788473107929
0.14390214654035255 0.8580194922392009
0.14486149418395491 0.8583804596318133
0.14558100491665668 0.8589820719528336
0.14618059719390816 0.8593430393454458
0.1469001079266099 0.8595836842738539
0.14797937402566255 0.8600649741306702
0.14833912939201346 0.8603056190590783
0.1489387216692649 0.8606665864516906
0.14953831394651634 0.8609072313800986
0.15061758004556902 0.8612681987727109
0.1509773354119199 0.8622307784863434
0.15121717232282048 0.8624714234147516
0.15181676460007196 0.8628323908073637
0.1528960306991246 0.8630730357357719
0.15337570452092578 0.86331368066418
0.15397529679817726 0.8636746480567922
0.15421513370907786 0.8642762603778126
0.154694807530879 0.865118517627241
0.15505456289722988 0.8654794850198532
0.15553423671903105 0.8659607748766694
0.15613382899628253 0.8662014198050776
0.1566135028180837 0.8664420647334857
0.15697325818443458 0.866923354590302
0.15805252428348726 0.8674046444471183
0.158772035016189 0.8676452893755264
0.15913179038253988 0.8681265792323427
0.15949154574889074 0.8690891589459752
0.1606907303033937 0.8696907712669956
0.16141024103609544 0.8700517386596077
0.16165007794699604 0.870533028516424
0.16188991485789664 0.8707736734448321
0.1621297517687972 0.8714956082300566
0.1626094255905984 0.8720972205510769
0.16296918095694926 0.8729394778005054
0.16332893632330014 0.8731801227289135
0.16392852860055165 0.8734207676573216
0.16452812087780308 0.8740223799783421
0.16512771315505456 0.8742630249067501
0.16560738697685573 0.8748646372277704
0.16608706079865693 0.8751052821561786
0.16728624535315986 0.8755865720129948
0.16764600071951075 0.875827216941403
0.16788583763041132 0.8766694741908314
0.16836551145221249 0.8770304415834437
0.16884518527401368 0.8776320539044641
0.16968461446216573 0.877752376368668
0.1701642882839669 0.8779930212970761
0.17064396210576807 0.8784743111538924
0.17100371747211895 0.8788352785465047
0.17148339129392012 0.879316568403321
0.1722029020266219 0.879557213331729
0.17256265739297275 0.8800385031885453
0.17280249430387334 0.8802791481169534
0.17388176040292602 0.8810010829021778
0.17508094495742896 0.8813620502947901
0.1760402926010313 0.8817230176874022
0.17651996642283246 0.8823246300084225
0.17699964024463366 0.8825652749368307
0.17723947715553426 0.8828059198652388
0.177958987888236 0.8835278546504632
0.17915817244273893 0.8841294669714835
0.18095694927449332 0.8844904343640958
0.18143662309629446 0.8847310792925039
0.18227605228444654 0.8849717242209121
0.1825158891953472 0.8852123691493202
0.18287564456169805 0.8856936590061364
0.1833553183834992 0.8862952713271568
0.18395491066075068 0.8865359162555649
0.18419474757165127 0.8868968836481771
0.18467442139345244 0.8876188184334015
0.18503417675980333 0.8881001082902178
0.18527401367070392 0.88846107568283
0.1856337690370548 0.8890626880038504
0.18587360594795535 0.8896643003248706
0.18671303513610746 0.8900252677174828
0.18719270895790865 0.8903862351100951
0.1879122196906104 0.8907472025027072
0.18815205660151094 0.8912284923595235
0.1883918935124116 0.8915894597521358
0.18875164887876245 0.8919504271447479
0.1893512411560139 0.8923113945373601
0.18995083343326535 0.8926723619299723
0.19055042571051686 0.8932739742509926
0.19115001798776832 0.8937552641078089
0.1915097733541192 0.8942365539646252
0.19222928408682094 0.8947178438214415
0.1936683055522245 0.8949584887498496
0.194267897829476 0.8951991336782578
0.19462765319582684 0.8956804235350742
0.19486749010672744 0.8960413909276862
0.19582683775032975 0.8964023583202984
0.19618659311668066 0.8967633257129106
0.1969061038493824 0.8972446155697269
0.1976256145820842 0.8974852604981349
0.19798536994843507 0.8979665503549513
0.198345125314786 0.8982071952833593
0.19858496222568653 0.8986884851401756
0.19882479913658715 0.8994104199254
0.19942439141383855 0.8996510648538082
0.20014390214654035 0.9004933221032366
0.20074349442379186 0.9008542894958488
0.201223168245593 0.9013355793526652
0.20170284206739414 0.9016965467452772
0.20254227125554625 0.9019371916736856
0.2029020266218971 0.9021778366020936
0.2033817004436983 0.902779448923114
0.20386137426549947 0.9035013837083384
0.20458088499820126 0.9037420286367464
0.2063796618299556 0.9041029960293588
0.2067394171963065 0.9045842858861748
0.2070991725626574 0.904824930814583
0.20733900947355804 0.9051858982071952
0.20817843866171004 0.9055468655998076
0.20853819402806087 0.9057875105282156
0.2088979493944118 0.906148477920828
0.20937762321621295 0.906389122849236
0.21009713394891474 0.9067500902418482
0.21105648159251708 0.9069907351702564
0.211416236958868 0.9075923474912766
0.21177599232521885 0.9078329924196848
0.2124955030579206 0.9080736373480928
0.21393452452332412 0.9083142822765009
0.2150137906223768 0.9086752496691132
0.21633289363233 0.9089158945975212
0.2168125674541312 0.9091565395259296
0.21765199664228324 0.90975815184695
0.2181316704640844 0.910239441703766
0.2186113442858856 0.9106004090963784
0.2198105288403885 0.9108410540247864
0.22076987648399088 0.9113223438816028
0.22160930567214293 0.9120442786668272
0.2223288164048447 0.9122849235952352
0.2225686533157453 0.9125255685236434
0.22376783787024826 0.9128865359162556
0.22472718551385054 0.9132475033088676
0.22532677779110205 0.913849115629888
0.22604628852380385 0.9142100830225004
0.2268857177119559 0.9145710504151126
0.22724547307830675 0.9149320178077248
0.2286844945437103 0.915533630128745
0.22916416836551146 0.9158945975213572
0.2298836790982132 0.9161352424497654
0.23096294519726585 0.9163758873781735
0.23144261901906704 0.9167368547707856
0.2325218851181197 0.9169774996991938
0.2330015589399209 0.9173384670918059
0.23372106967262266 0.917579112020214
0.2344405804053244 0.9181807243412344
0.2358796018707279 0.9184213692696428
0.2368389495143303 0.9190229815906629
0.2376783787024823 0.9196245939116832
0.2381580525242835 0.9199855613042957
0.2383978894351841 0.9202262062327036
0.23887756325698525 0.92070749608952
0.2401966662669385 0.920948141017928
0.24079625854419 0.9213091084105404
0.2412759323659911 0.9215497533389484
0.2417556061877923 0.9220310431957648
0.2419954430986929 0.9223920105883768
0.24271495383139466 0.9226326555167851
0.24295479074229526 0.9228733004451932
0.24475356757404965 0.9232342678378052
0.245712915217652 0.9234749127662134
0.24667226286125435 0.9239562026230296
0.2472718551385058 0.9241968475514378
0.24775152896030703 0.9249187823366622
0.24859095814845905 0.9251594272650704
0.24895071351480996 0.9257610395860908
0.2494303873366111 0.9260016845144988
0.24979014270296201 0.9264829743713152
0.2500299796138626 0.9268439417639274
0.2505096534356637 0.9273252316207437
0.2509893272574649 0.9275658765491516
0.2513490826238158 0.9278065214775598
0.2517088379901667 0.928167488870172
0.2524283487228685 0.9284081337985802
0.25266818563376897 0.9290097461196004
0.2535076148219211 0.9292503910480088
0.25578606547547666 0.9296113584406208
0.2561458208418276 0.9300926482974372
0.2581844345844825 0.9304536156900494
0.2590238637726346 0.9306942606184576
0.2592637006835352 0.9309349055468656
0.26022304832713755 0.9312958729394778
0.2605828036934884 0.931536517867886
0.2609425590598393 0.931897485260498
0.2615421513370908 0.9323787751173144
0.26250149898069314 0.9326194200457224
0.262861254347044 0.9332210323667428
0.2634608466242955 0.9334616772951512
0.26466003117879844 0.9337023222235592
0.26525962345604986 0.9340632896161714
0.2656193788224008 0.9344242570087836
0.2672982371987049 0.9346649019371917
0.2686173402086581 0.935025869329804
0.26981652476316104 0.935266514258212
0.271015709317664 0.9357478041150282
0.27149538313946514 0.9359884490434364
0.2726945676939681 0.9363494164360486
0.27353399688212016 0.9365900613644568
0.2738937522484711 0.9368307062928648
0.2742535076148219 0.9374323186138852
0.2746132629811728 0.9377932860064974
0.2755726106247752 0.9380339309349056
0.2764120398129272 0.9382745758633136
0.2772514690010793 0.9385152207917218
0.2778510612783308 0.93875586572013
0.2785705720110325 0.938996510648538
0.2803693488427869 0.9393574780411504
0.28120877803093897 0.9395981229695584
0.28192828876364073 0.9398387678979664
0.28300755486269336 0.9400794128263746
0.2839669025062957 0.9403200577547828
0.2848063316944478 0.9408013476115992
0.2867250269816525 0.9410419925400072
0.28744453771435424 0.9412826374684152
0.28912339609065835 0.9415232823968236
0.29080225446696245 0.9417639273252316
0.2939201343086701 0.9420045722536398
0.294279889675021 0.942245217182048
0.2948794819522725 0.9427265070388642
0.2966782587840269 0.9429671519672724
0.297157932605828 0.9432077968956804
0.29739776951672864 0.9436890867524969
0.29859695407123155 0.9439297316809048
0.29919654634848303 0.9445313440019252
0.29955630171483394 0.9448923113945372
0.3000359755366351 0.9451329563229456
0.30063556781388656 0.9453736012513536
0.3019546708238398 0.94585489110817
0.3029140184674421 0.9460955360365779
0.30411320302194506 0.9463361809649862
0.3048327137546468 0.9466971483575984
0.3054323060318983 0.9469377932860064
0.3061518167646001 0.9472987606786188
0.3071111644082024 0.9475394056070268
0.3099892073390095 0.9477800505354351
0.3135867610025183 0.9480206954638432
0.3150257824679218 0.9482613403922512
0.31550545628972304 0.9487426302490676
0.3170643962105768 0.9489832751774756
0.3176639884878283 0.949344242570088
0.320422112963185 0.949584887498496
0.3207818683295359 0.9498255324269042
0.32198105288403883 0.9501864998195164
0.3234200743494424 0.9504271447479244
0.3241395850821441 0.9506677896763326
0.3247391773593956 0.9509084346047408
0.32569852500299795 0.9512694019973528
0.32653795419115006 0.9516303693899651
0.32833673102290445 0.9521116592467814
0.3314546108646121 0.9523523041751896
0.3330135507854659 0.9525929491035976
0.3343326537954191 0.9528335940320056
0.3348123276172203 0.9531945614246179
0.33613143062717354 0.953435206353026
0.33793020745892793 0.9536758512814344
0.3399688212015829 0.9539164962098424
0.3430867010432906 0.9541571411382506
0.3458448255186473 0.9543977860666586
0.3465643362513491 0.9546384309950668
0.3476436023504017 0.9548790759234748
0.34956229763760643 0.955119720851883
0.3504017268257585 0.9554806882444952
0.35112123755846025 0.9557213331729034
0.3523204221129632 0.9560823005655156
0.35327976975656555 0.9563229454939236
0.35459887276651875 0.956683912886536
0.35555822041012114 0.9569245578149441
0.35663748650917376 0.9574058476717604
0.35879601870727906 0.9576464926001684
0.359995203261782 0.9578871375285766
0.36083463244993397 0.9581277824569848
0.3616740616380861 0.9584887498495968
0.3622736539153376 0.958729394778005
0.3638325938361914 0.9589700397064131
0.3641923492025423 0.9592106846348212
0.3649118599352441 0.9594513295632294
0.3658712075788464 0.9596919744916376
0.3664707998560979 0.9599326194200456
0.3676699844106008 0.960293586812658
0.3687492505096535 0.960534231741066
0.3709077827077587 0.9608951991336784
0.3712675380741096 0.9612561665262904
0.3733061518167646 0.9614968114546986
0.3740256625494664 0.9617374563831068
0.3759443578366711 0.9620984237757191
0.3764240316584722 0.9627000360967392
0.3770236239357237 0.9629406810251474
0.3809809329655834 0.9631813259535555
0.3820601990646361 0.9634219708819636
0.3836191389854899 0.9636626158103718
0.3857776711835951 0.9639032607387801
0.3866171003717472 0.964143905667188
0.3880561218371507 0.9645048730598004
0.3887756325698525 0.9647455179882084
0.3897349802134549 0.9649861629166164
0.3910540832234081 0.9652268078450248
0.3928528600551625 0.9655877752376368
0.3934524523324139 0.965828420166045
0.39501139225326776 0.9660690650944532
0.3980093536395251 0.9664300324870654
0.40040772274853104 0.9667909998796776
0.4025662549466363 0.9670316448080856
0.4059239716992445 0.9672722897364938
0.40736299316464797 0.967512934664902
0.4139585082144142 0.967873902057514
0.4159971219570692 0.9681145469859224
0.4169564696006716 0.9683551919143304
0.4177958987888236 0.9685958368427384
0.4194747571651277 0.9688364817711468
0.4218731262741336 0.9690771266995548
0.4229523923731862 0.969438094092167
0.42451133229404 0.9696787390205752
0.4249910061158412 0.9700397064131874
0.4263101091257945 0.9702803513415956
0.4275092936802974 0.9705209962700037
0.4281088859575489 0.9707616411984118
0.4285885597793501 0.9710022861268198
0.4308670104329057 0.971242931055228
0.4329056241755606 0.971483575983636
0.4344645640964144 0.9717242209120442
0.4356637486509174 0.9719648658404524
0.4362633409281688 0.9722055107688604
0.43674301474997 0.9724461556972688
0.4375824439381221 0.9726868006256768
0.4407003237798297 0.972927445554085
0.44153975296798176 0.9731680904824932
0.444058040532438 0.9735290578751052
0.4458568173641924 0.9737697028035134
0.4465763280968941 0.9741306701961256
0.4486149418395491 0.9744916375887378
0.4490946156613503 0.974732282517146
0.4506535555822041 0.974972927445554
0.4519726585921574 0.9752135723739622
0.4531718431466602 0.9754542173023704
0.4572490706319702 0.9756948622307784
0.4574889075428709 0.9760558296233908
0.4583283367310229 0.9762964745517988
0.4590478474637247 0.9765371194802068
0.4598872766518767 0.9767777644086152
0.462045808849982 0.9771387318012272
0.4650437702362394 0.9776200216580436
0.4655234440580405 0.9778606665864517
0.4678018947115961 0.978221633979064
0.4717592037414558 0.978462278907472
0.4725986329296079 0.9787029238358802
0.4755965943158652 0.9789435687642885
0.47835471879122204 0.9791842136926964
0.4797937402566255 0.9794248586211044
0.480393332533877 0.9796655035495128
0.4821921093656314 0.9799061484779208
0.4849502338409881 0.9800264709421248
0.4890274613262981 0.9803874383347372
0.4896270536035496 0.9806280832631452
0.4937042810888596 0.9808687281915534
0.4965823240196666 0.9811093731199616
0.4974217532078187 0.9813500180483696
0.5046168605348363 0.9815906629767778
0.5092936802973977 0.981831307905186
0.5132509893272574 0.982192275297798
0.5138505816045089 0.9825532426904104
0.515529439980813 0.9826735651546143
0.5198465043770236 0.9830345325472266
0.5216452812087781 0.9832751774756348
0.5239237318623337 0.9835158224040428
0.5289603069912461 0.983876789796655
0.5315985130111525 0.9841174347250632
0.5324379421993045 0.9844784021176752
0.5348363113083103 0.9847190470460836
0.5381940280609185 0.9850800144386958
0.540832234080825 0.985320659367104
0.5417915817244274 0.985561304295512
0.5481472598632929 0.98580194922392
0.5497061997841468 0.9860425941523282
0.5529439980813047 0.9862832390807365
0.5618179637846265 0.9865238840091444
0.5630171483391294 0.9867645289375526
0.5654155174481352 0.9870051738659608
0.5662549466362873 0.9872458187943688
0.5756085861614102 0.9874864637227769
0.5838829595874805 0.9877271086511852
0.5850821441419835 0.9879677535795932
0.5866410840628373 0.9882083985080016
0.596354478954311 0.9885693659006136
0.5983930926969661 0.9888100108290218
0.5994723587960187 0.989170978221634
0.6001918695287205 0.9894116231500422
0.6094255905983931 0.9896522680784502
0.6105048566974457 0.9900132354710623
0.6218971099652236 0.9902538803994706
0.6271735220050366 0.9904945253278788
0.6338889555102529 0.9907351702562868
0.6352080585202062 0.990975815184695
0.6362873246192589 0.9912164601131032
0.6372466722628612 0.9914571050415112
0.640004796738218 0.9918180724341236
0.645281208778031 0.9920587173625316
0.6464803933325339 0.9922993622909396
0.6497181916296918 0.992540007219348
0.6541551744813526 0.9927806521477559
0.6605108526202182 0.9930212970761642
0.6672262861254347 0.9932619420045724
0.6710636766998441 0.9935025869329804
0.6731022904424991 0.9937432318613886
0.6802973977695167 0.9939838767897966
0.6822160930567215 0.9942245217182047
0.6847343806211776 0.9944651666466128
0.6926489986808969 0.994705811575021
0.6943278570572011 0.9949464565034292
0.704880681136827 0.9951871014318372
0.7111164408202423 0.9954277463602454
0.7231082863652716 0.9956683912886536
0.7303033936922892 0.9959090362170616
0.7382180117520086 0.99614968114547
0.7520086341287924 0.996390326073878
0.7620817843866171 0.996630971002286
0.7659191749610265 0.9968716159306944
0.7911020506055882 0.9971122608591024
0.7962585441899508 0.9973529057875106
0.8128072910420914 0.9975935507159188
0.8154454970619979 0.9978341956443268
0.8363113083103489 0.9980748405727348
0.8474637246672263 0.9984358079653473
0.8604149178558579 0.9986764528937552
0.8665307590838229 0.9989170978221634
0.9115001798776832 0.9991577427505716
0.9203741455810048 0.9993983876789796
0.9406403645521044 0.9996390326073878
0.9757764719990406 0.9998796775357959
